energy;coat_acc;coat_std;nn_acc;nn_std
404635.0;0.6092105263157894;0.13537804868767314;0.833421052631579;0.08590442734294382
423715.7;0.578421052631579;0.0877843618352693;0.8378947368421052;0.04812552838145737
523799.7;0.4365789473684211;0.12856791645381146;0.8078947368421051;0.08769122357750961
324801.9;0.7202631578947368;0.11232280597626769;0.818157894736842;0.06994705160119924
411778.9;0.6144736842105262;0.13959900030597133;0.8276315789473685;0.07084032609011633
534887.2;0.4407894736842105;0.07705854521454268;0.6355263157894736;0.12864222757198135
594165.6;0.3184210526315788;0.07346772709978006;0.6710526315789473;0.11526195625425062
599513.0;0.28894736842105256;0.0615226913524314;0.6357894736842106;0.130167162927941
386628.3;0.655;0.11647791749150523;0.8478947368421054;0.05488340701569983
400649.6;0.598421052631579;0.09949456756561763;0.7726315789473684;0.09662733622150182
445544.6;0.5642105263157895;0.11212008797456334;0.7518421052631579;0.08377395055889252
547450.0;0.40631578947368424;0.06816957835238811;0.7152631578947368;0.1185075707342347
510143.2;0.4715789473684211;0.0925313452917218;0.726842105263158;0.09609984420071482
599176.4;0.24815789473684208;0.0633882859229035;0.5636842105263158;0.1047672529243683
373758.9;0.6857894736842105;0.10423311823162582;0.8178947368421052;0.10240054968689029
584907.5;0.29368421052631577;0.11655963960345592;0.6755263157894736;0.06237508292202172
310814.4;0.7260526315789474;0.09560602734856187;0.8731578947368421;0.05585894383756462
486304.4;0.48184210526315796;0.0771501575786105;0.8123684210526315;0.07120889250080453
569644.0;0.35026315789473683;0.10388872429677383;0.7215789473684209;0.1139616497674921
505434.9;0.4723684210526316;0.10813996521898056;0.7868421052631578;0.06724701231147705
585820.8;0.26842105263157895;0.06511230443138724;0.6557894736842104;0.08271534473631627
539552.3;0.4257894736842105;0.09896836283431824;0.6002631578947368;0.12818491015379205
587453.0;0.32;0.08728118663358218;0.671578947368421;0.09181005322172608
398862.1;0.6300000000000001;0.12838329902344792;0.8131578947368421;0.1091201274562419
487864.5;0.47131578947368424;0.11478300616448028;0.8231578947368421;0.05907645640042252
392152.6;0.639736842105263;0.11837104207156425;0.8476315789473684;0.1096042364266057
375732.9;0.685263157894737;0.16883665826625222;0.8481578947368421;0.06290574666903587
368440.5;0.6699999999999999;0.1531081489116693;0.858157894736842;0.0833546140879477
577516.8;0.31973684210526315;0.06700198450775798;0.7002631578947367;0.10404192900792329
397874.0;0.6449999999999999;0.11306268944772344;0.8126315789473683;0.07018771822387224
444810.8;0.6086842105263157;0.15758763995290995;0.8378947368421052;0.0701719297368377
541856.6;0.43605263157894736;0.10706387406681074;0.6905263157894737;0.07516556057028295
431548.2;0.5839473684210525;0.0823936399933717;0.843157894736842;0.08495721589044661
585931.6;0.28868421052631577;0.0818167163191733;0.7263157894736841;0.06985342786894248
546746.0;0.4257894736842105;0.06766587293540818;0.6447368421052632;0.10730906512063047
357440.4;0.7007894736842105;0.10999905564943416;0.8236842105263159;0.0860570576682426
442162.6;0.5676315789473684;0.1303524414914047;0.8523684210526316;0.08933774502963802
499567.8;0.4726315789473685;0.09578513581849386;0.8018421052631579;0.061480465559634184
293158.6;0.7363157894736843;0.12234889487675123;0.8281578947368422;0.07020991477678909
538329.4;0.4415789473684211;0.06015676657780863;0.6452631578947369;0.09814625301359912
573848.5;0.36999999999999994;0.08168244707808907;0.671578947368421;0.1193867061090466
449292.2;0.5839473684210528;0.04669773731520736;0.8076315789473684;0.08232637231742554
438362.7;0.5689473684210526;0.11153549302794225;0.8078947368421051;0.0821204439407106
379815.8;0.6444736842105263;0.11643629147434734;0.8126315789473685;0.06222780061174483
513606.5;0.4507894736842106;0.0867307899012658;0.7718421052631579;0.10075923691014477
450101.9;0.5939473684210526;0.12738065404499518;0.7671052631578947;0.053547943671705504
529080.1;0.4110526315789474;0.08821718351967515;0.7921052631578946;0.10887233622719715
350717.1;0.6752631578947369;0.09013839774437105;0.8631578947368421;0.05462032132260887
566412.6;0.2639473684210526;0.0625413990313439;0.848421052631579;0.06246550294499952
566020.3;0.36000000000000004;0.09500546711196907;0.6607894736842105;0.1166917596019649
401416.1;0.608421052631579;0.1337339319056173;0.8328947368421054;0.07435083786624559
316604.7;0.776578947368421;0.10930053361351649;0.868421052631579;0.06756550120371038
394564.6;0.6394736842105264;0.10829195175267843;0.8481578947368421;0.08308499469513315
569076.1;0.36605263157894735;0.10404858496510655;0.6397368421052632;0.08988643188556944
413241.1;0.6236842105263157;0.12065724903689937;0.7923684210526316;0.09545379297229518
509802.6;0.4513157894736842;0.12094531856629465;0.7218421052631581;0.060618351078981246
518777.2;0.4418421052631579;0.1366367386099;0.8234210526315788;0.09430787384546467
532529.2;0.42000000000000004;0.1291201849466799;0.655;0.05694739274247948
546300.9;0.35;0.12182817926554552;0.7631578947368421;0.10593862227606461
429488.7;0.5678947368421052;0.1256991527748308;0.8386842105263158;0.0649637657369534
494916.5;0.4526315789473684;0.12915128881146345;0.7971052631578947;0.12311430852662464
432656.0;0.5936842105263158;0.09356882308621611;0.7928947368421053;0.12227670586740523
364373.1;0.64;0.13949255085900591;0.8426315789473684;0.0690537548047286
619958.2;0.2276315789473684;0.08342769357594432;0.5478947368421052;0.10144933099337211
366703.4;0.6960526315789475;0.08074488740536617;0.8481578947368422;0.07822520581938257
352087.4;0.6807894736842106;0.11180990248465834;0.858157894736842;0.06956980989447549
581135.9;0.29815789473684207;0.08776266471888579;0.585;0.1383872782489902
495936.3;0.5128947368421053;0.10727324212707609;0.6505263157894736;0.07574925833633062
369929.9;0.6755263157894736;0.1053884123209167;0.8476315789473684;0.06062292061716528
568665.7;0.32894736842105265;0.07462742175341668;0.7163157894736842;0.1133401225493487
597784.5;0.27921052631578946;0.04017706654175086;0.5692105263157894;0.09089467589063265
559083.6;0.3855263157894737;0.07344180050177031;0.7821052631578947;0.07702753402017955
389437.4;0.645;0.06513835690410225;0.8428947368421053;0.0875335313669762
289270.4;0.7715789473684211;0.08787109672633656;0.8526315789473685;0.06177207681213421
242729.0;0.8631578947368421;0.06082307114392943;0.8889473684210525;0.05816682474903577
452326.3;0.585;0.11319491438514045;0.7410526315789474;0.1177713169769833
615059.4;0.23342105263157892;0.06788300592250457;0.7115789473684211;0.10104851965318304
381473.9;0.6197368421052631;0.10239683004529045;0.7926315789473684;0.09474999908638418
563225.8;0.37526315789473685;0.06964691321785643;0.7455263157894737;0.08897733845762511
499352.9;0.4618421052631579;0.09508889265800295;0.8086842105263159;0.12122442043913148
524704.2;0.4207894736842105;0.10619619380631007;0.8026315789473685;0.09787209698591859
381274.1;0.6594736842105263;0.1006983922661437;0.8231578947368421;0.08685645814405304
388757.1;0.6089473684210527;0.1214763750500107;0.8123684210526315;0.07044624283944395
363175.2;0.6905263157894737;0.1450102680479392;0.8381578947368421;0.06903820853865739
516377.2;0.39526315789473687;0.10664098259569381;0.7673684210526316;0.09927158528717753
343559.0;0.7155263157894736;0.10275599745927445;0.858157894736842;0.06587836100536702
502704.9;0.4768421052631579;0.1349504885097882;0.8134210526315788;0.09652156620352921
394263.9;0.6202631578947368;0.11333553987314815;0.8221052631578948;0.06489070290958268
553062.7;0.3492105263157895;0.1382420796146285;0.7621052631578948;0.10612933102138679
474826.8;0.5026315789473684;0.11317625310076304;0.8221052631578948;0.06530558892314148
414943.1;0.6092105263157894;0.11643510194090492;0.7928947368421052;0.0922258608974866
547765.4;0.41657894736842105;0.11542436455756645;0.7715789473684209;0.06455472886931354
430981.2;0.5839473684210527;0.10643720268939565;0.8321052631578947;0.06989109058339474
495606.9;0.47184210526315795;0.12396412893719656;0.7568421052631579;0.1040801949489403
559867.5;0.33947368421052626;0.09694073924417823;0.7305263157894737;0.12073872342865008
255266.8;0.8226315789473684;0.08410519728605548;0.868157894736842;0.056434331705211574
535818.8;0.4155263157894737;0.11530070284938565;0.8173684210526316;0.05583910404157829
540200.6;0.43657894736842096;0.11247929941897725;0.6921052631578948;0.12672084179468016
583603.9;0.31921052631578944;0.09946567776188718;0.7168421052631578;0.06459119259361001
511698.6;0.4776315789473684;0.09196417765792922;0.8028947368421052;0.07411948502884938
