,class,left_weight,left_distance,right_weight,right_distance
0,L,3,3,2,3
1,R,4,1,5,2
2,R,4,3,5,5
3,R,1,1,4,2
4,R,3,1,3,5
5,L,1,4,1,1
6,L,3,3,5,1
7,L,5,5,1,5
8,L,5,4,3,1
9,L,4,2,4,1
10,L,5,5,2,1
11,L,4,5,3,5
12,L,5,2,1,1
13,L,5,5,1,4
14,L,4,5,1,1
15,L,5,5,2,4
16,R,2,5,3,4
17,L,3,2,1,2
18,L,5,5,1,1
19,R,1,5,2,5
20,B,3,1,3,1
21,R,1,2,4,1
22,L,4,3,2,5
23,R,2,3,4,2
24,R,2,3,5,2
25,R,2,1,4,3
26,L,4,4,2,5
27,R,1,1,3,2
28,R,3,5,5,5
29,L,5,4,1,4
30,L,2,3,1,5
31,L,5,5,5,3
32,L,3,5,2,1
33,R,1,1,5,3
34,L,3,2,2,2
35,L,2,3,3,1
36,L,3,5,3,1
37,B,4,3,4,3
38,L,2,5,3,3
39,R,1,2,4,2
40,L,3,4,1,2
41,L,4,1,1,1
42,R,3,2,3,5
43,R,4,3,4,5
44,R,2,2,4,3
45,L,5,5,3,4
46,L,4,3,1,2
47,R,1,1,5,1
48,L,5,5,3,3
49,L,3,3,1,2
50,L,2,3,4,1
51,R,4,3,5,3
52,L,2,3,2,2
53,L,4,3,2,2
54,R,3,1,4,5
55,R,1,3,4,5
56,R,1,5,2,4
57,L,3,3,3,1
58,L,4,3,3,3
59,L,4,5,3,3
60,R,2,1,2,4
61,L,4,4,3,5
62,L,5,4,4,4
63,L,4,5,3,1
64,L,4,1,2,1
65,R,1,2,5,4
66,R,4,2,2,5
67,L,4,5,4,2
68,R,5,2,3,4
69,L,5,5,5,1
70,B,2,2,1,4
71,L,5,5,3,5
72,L,4,5,5,1
73,R,1,3,5,4
74,L,5,5,2,3
75,R,4,1,3,5
76,L,3,2,2,1
77,L,5,4,5,3
78,R,1,2,4,4
79,L,4,1,1,3
80,L,3,3,2,4
81,R,5,1,5,4
82,L,4,5,2,5
83,R,2,5,5,4
84,R,1,4,4,2
85,L,4,2,1,5
86,B,1,4,2,2
87,R,1,4,1,5
88,R,2,1,3,3
89,L,4,5,4,1
90,R,5,2,5,3
91,L,4,4,1,3
92,R,1,3,2,5
93,R,3,1,5,1
94,R,2,5,5,3
95,R,3,1,2,4
96,R,3,1,4,1
97,R,1,5,3,4
98,R,3,1,5,3
99,R,2,1,5,3
100,R,1,1,4,3
101,R,3,2,3,3
102,B,2,2,4,1
103,R,5,2,4,3
104,B,1,5,1,5
105,B,1,1,1,1
106,R,2,2,4,4
107,R,2,4,3,4
108,R,4,4,5,4
109,L,3,4,3,1
110,L,3,3,2,2
111,B,3,2,2,3
112,R,1,5,5,3
113,R,5,2,4,4
114,L,4,5,1,2
115,R,2,1,2,5
116,L,5,4,3,4
117,L,2,3,1,1
118,R,2,1,3,4
119,L,4,3,4,1
120,L,5,2,4,1
121,L,3,5,1,1
122,L,2,5,3,2
123,L,4,5,1,5
124,R,2,4,5,3
125,R,4,1,5,5
126,L,3,4,5,2
127,R,3,2,5,3
128,L,5,4,2,3
129,B,1,2,1,2
130,L,3,3,2,1
131,B,2,5,2,5
132,B,5,1,1,5
133,R,4,1,1,5
134,R,4,1,3,2
135,R,2,3,2,5
136,R,1,3,1,4
137,B,4,1,2,2
138,L,5,4,3,5
139,L,3,4,3,3
140,L,4,5,2,3
141,L,4,3,2,4
142,L,3,5,5,2
143,R,1,1,2,3
144,R,2,3,5,5
145,L,1,5,3,1
146,B,1,2,2,1
147,B,2,4,4,2
148,L,2,4,3,2
149,R,3,3,5,5
150,L,2,1,1,1
151,R,4,1,3,3
152,R,2,2,4,2
153,R,1,4,2,3
154,L,3,4,4,1
155,L,5,5,5,4
156,L,2,4,1,5
157,L,1,5,2,2
158,L,2,4,5,1
159,L,3,5,4,3
160,L,3,5,2,4
161,B,5,2,5,2
162,R,2,1,5,1
163,L,2,4,1,4
164,R,4,2,3,3
165,L,4,4,3,4
166,R,2,1,4,2
167,R,3,3,5,4
168,L,4,4,5,2
169,R,4,1,2,5
170,L,2,4,2,1
171,B,2,1,1,2
172,L,1,5,2,1
173,R,1,4,3,2
174,L,3,5,2,3
175,L,4,5,2,4
176,L,2,3,5,1
177,L,4,5,1,3
178,B,4,5,5,4
179,L,2,4,1,1
180,R,4,1,2,4
181,R,1,4,5,5
182,R,3,4,3,5
183,L,3,5,3,3
184,R,3,5,4,5
185,R,1,1,1,5
186,R,1,1,2,1
187,L,5,3,4,2
188,B,4,2,4,2
189,L,1,4,1,3
190,L,5,4,4,2
191,B,5,1,5,1
192,L,5,4,4,3
193,L,5,4,1,2
194,L,4,2,5,1
195,L,5,4,1,1
196,R,1,2,1,4
197,R,5,3,5,5
198,R,1,3,2,4
199,R,2,2,3,4
200,R,5,1,5,3
201,L,5,1,3,1
202,B,2,3,2,3
203,L,3,5,5,1
204,L,2,2,1,1
205,R,4,2,5,5
206,R,1,1,3,5
207,R,1,3,3,2
208,R,2,1,1,3
209,R,1,3,5,1
210,R,1,5,4,4
211,R,1,1,1,4
212,R,1,4,2,4
213,R,3,3,5,2
214,R,5,1,4,3
215,R,3,3,3,4
216,B,3,5,5,3
217,L,4,2,3,2
218,R,3,5,5,4
219,L,4,5,5,2
220,L,3,1,2,1
221,B,4,3,3,4
222,R,2,5,4,4
223,R,2,1,3,5
224,L,3,2,1,5
225,L,4,2,2,3
226,L,3,4,2,1
227,L,4,5,3,4
228,R,3,4,4,5
229,L,3,4,2,5
230,B,1,4,1,4
231,R,2,2,5,4
232,R,2,2,2,3
233,L,5,2,2,4
234,R,2,2,5,2
235,L,5,4,1,5
236,R,1,1,3,1
237,R,2,2,5,1
238,R,1,3,3,3
239,L,3,2,1,4
240,R,2,4,4,3
241,L,5,3,1,5
242,L,5,2,4,2
243,B,3,5,3,5
244,R,3,3,4,4
245,L,4,5,1,4
246,R,1,4,3,4
247,R,3,1,2,5
248,L,5,1,1,3
249,L,3,5,1,4
250,R,3,3,2,5
251,L,5,4,2,1
252,R,1,2,2,3
253,L,4,2,2,2
254,R,1,5,4,2
255,L,2,5,1,4
256,L,1,5,4,1
257,L,5,3,3,4
258,R,3,4,5,5
259,L,4,2,1,1
260,L,5,3,5,1
261,R,2,2,1,5
262,L,5,3,1,2
263,R,1,5,3,3
264,R,3,2,4,4
265,R,2,4,4,5
266,R,4,2,4,5
267,L,2,2,2,1
268,R,3,1,3,4
269,R,1,1,2,2
270,L,5,2,3,1
271,L,3,2,5,1
272,L,5,2,3,2
273,R,1,4,4,4
274,R,2,2,5,3
275,B,4,2,2,4
276,R,3,2,2,5
277,R,2,1,5,5
278,B,5,3,5,3
279,R,1,3,2,2
280,L,2,5,4,2
281,B,5,2,2,5
282,R,1,3,4,3
283,L,3,5,2,2
284,L,4,4,1,2
285,L,5,5,4,2
286,L,4,5,3,2
287,L,4,4,1,1
288,R,3,4,5,3
289,L,5,3,4,1
290,R,1,5,5,5
291,B,1,3,1,3
292,L,5,2,1,3
293,R,3,1,1,4
294,L,1,3,1,1
295,L,5,3,2,5
296,R,1,2,5,2
297,R,1,4,5,1
298,B,5,4,4,5
299,L,4,4,4,2
300,L,2,5,1,1
301,L,4,3,2,1
302,L,3,5,4,2
303,L,2,4,3,1
304,L,5,5,4,5
305,R,1,5,5,4
306,R,1,5,2,3
307,R,1,4,3,3
308,R,3,5,4,4
309,L,5,3,1,1
310,B,1,3,3,1
311,R,1,4,4,5
312,B,3,3,3,3
313,R,2,5,5,5
314,B,2,5,5,2
315,R,2,2,3,5
316,B,2,1,2,1
317,R,2,1,3,1
318,L,1,2,1,1
319,R,4,1,4,3
320,L,4,1,3,1
321,R,1,1,4,5
322,L,3,5,3,4
323,R,3,1,4,2
324,L,4,3,2,3
325,R,4,2,3,4
326,L,3,5,1,2
327,L,2,5,1,2
328,L,5,4,1,3
329,L,5,1,2,2
330,L,2,4,1,3
331,L,1,4,1,2
332,R,2,3,5,3
333,L,5,2,3,3
334,R,2,4,2,5
335,L,4,1,1,2
336,L,2,3,1,2
337,L,2,2,1,2
338,R,3,2,3,4
339,L,4,4,5,3
340,L,3,5,4,1
341,R,1,5,5,2
342,L,4,3,4,2
343,R,3,2,5,5
344,R,3,2,2,4
345,B,5,5,5,5
346,R,2,1,3,2
347,R,1,2,3,1
348,R,4,2,5,3
349,R,3,2,4,5
350,R,4,1,5,3
351,R,3,3,4,3
352,R,1,3,5,2
353,L,3,4,1,4
354,R,1,3,3,4
355,B,4,1,1,4
356,L,2,5,1,5
357,R,1,1,3,4
358,R,1,2,3,3
359,L,4,5,2,2
360,R,1,4,5,3
361,L,5,4,3,3
362,R,3,1,2,2
363,L,2,2,3,1
364,L,4,4,3,2
365,L,5,2,5,1
366,R,2,1,2,2
367,L,5,1,1,2
368,L,3,4,3,2
369,R,1,4,3,5
370,R,3,1,4,3
371,R,5,3,4,5
372,L,3,5,2,5
373,R,4,2,4,4
374,R,1,2,4,5
375,R,2,2,2,5
376,L,4,4,2,2
377,R,2,3,4,4
378,R,2,5,4,3
379,R,3,2,5,4
380,R,5,1,3,5
381,L,5,1,1,4
382,L,3,3,1,1
383,L,5,5,5,2
384,L,2,5,1,3
385,L,3,4,4,2
386,L,4,2,1,2
387,R,1,4,5,4
388,R,4,4,4,5
389,B,5,3,3,5
390,L,5,4,2,2
391,R,3,1,3,2
392,R,3,2,4,3
393,L,5,5,2,2
394,L,1,5,1,4
395,L,4,3,1,5
396,L,2,3,2,1
397,R,2,3,5,4
398,L,5,3,2,2
399,L,2,4,2,3
400,R,5,3,5,4
401,L,4,2,3,1
402,R,1,1,5,5
403,R,1,3,4,4
404,L,2,5,2,1
405,R,3,3,4,5
406,L,5,5,4,1
407,L,5,4,4,1
408,L,1,3,2,1
409,L,3,5,3,2
410,R,4,1,3,4
411,L,5,5,1,2
412,R,3,1,5,2
413,R,1,5,3,5
414,R,5,1,5,2
415,R,1,4,2,5
416,R,5,3,4,4
417,R,1,2,1,3
418,R,3,2,4,2
419,R,1,1,5,2
420,B,2,4,2,4
421,B,4,4,4,4
422,L,5,5,2,5
423,R,2,1,1,5
424,L,3,2,3,1
425,L,5,2,1,4
426,B,2,2,2,2
427,L,2,3,1,3
428,R,5,1,3,3
429,R,5,2,4,5
430,L,2,4,4,1
431,B,1,5,5,1
432,L,3,4,1,3
433,R,1,2,3,4
434,L,4,4,2,4
435,R,4,3,5,4
436,R,2,2,3,3
437,R,2,2,3,2
438,R,1,5,4,5
439,L,2,5,5,1
440,L,4,4,1,4
441,L,1,5,1,1
442,R,2,3,4,5
443,R,2,5,4,5
444,B,4,5,4,5
445,L,3,1,1,2
446,R,1,2,4,3
447,L,3,3,4,2
448,R,2,3,3,4
449,R,2,4,5,4
450,R,2,3,3,5
451,L,3,3,4,1
452,L,1,4,2,1
453,L,5,3,3,1
454,L,4,4,5,1
455,L,5,1,4,1
456,R,3,4,4,4
457,L,5,5,3,2
458,R,4,2,5,4
459,R,1,1,5,4
460,R,2,1,4,4
461,R,1,2,2,5
462,L,4,2,1,3
463,B,1,4,4,1
464,B,3,4,3,4
465,R,4,2,3,5
466,R,1,2,2,4
467,R,1,3,5,3
468,L,1,5,1,2
469,R,5,1,2,5
470,L,5,2,2,2
471,L,3,5,1,5
472,L,5,5,1,3
473,L,5,1,1,1
474,L,5,3,2,1
475,R,3,4,5,4
476,L,1,4,3,1
477,R,1,4,4,3
478,R,4,1,5,4
479,R,1,3,3,5
480,L,4,5,2,1
481,B,2,3,3,2
482,R,1,2,5,3
483,R,5,2,5,4
484,R,2,1,5,2
485,R,5,1,4,5
486,R,5,2,3,5
487,R,5,1,4,2
488,R,3,2,5,2
489,R,2,2,4,5
490,R,2,3,4,3
491,L,2,5,2,3
492,L,3,2,4,1
493,R,2,3,2,4
494,L,2,4,2,2
495,L,3,4,1,5
496,L,3,4,5,1
497,R,4,3,3,5
498,L,5,2,1,5
499,R,2,4,4,4
500,L,5,5,3,1
501,L,3,4,2,2
502,L,4,4,2,1
503,L,1,5,1,3
504,L,3,2,1,1
505,R,2,1,1,4
506,L,5,3,4,3
507,L,2,3,1,4
508,L,5,4,2,5
509,R,1,5,3,2
510,L,5,2,2,3
511,R,4,1,5,1
512,L,3,4,2,3
513,L,4,3,3,1
514,R,2,2,5,5
515,R,1,1,4,1
516,L,5,3,2,4
517,L,3,5,1,3
518,L,2,5,2,4
519,B,5,4,5,4
520,L,5,4,3,2
521,L,5,3,2,3
522,R,4,2,4,3
523,L,5,3,3,2
524,L,4,4,3,1
525,L,4,3,1,4
526,R,3,1,5,4
527,L,5,5,4,4
528,R,5,1,3,4
529,L,3,4,2,4
530,R,4,2,5,2
531,R,4,1,4,2
532,L,5,4,5,1
533,R,2,3,3,3
534,L,1,3,1,2
535,L,3,3,1,4
536,L,5,3,1,3
537,R,4,3,4,4
538,R,1,2,1,5
539,R,3,1,2,3
540,L,2,5,4,1
541,L,4,4,4,1
542,R,2,4,5,5
543,L,5,1,2,1
544,R,4,1,4,5
545,R,1,4,5,2
546,L,3,3,1,3
547,R,2,2,2,4
548,L,4,3,1,3
549,R,1,1,1,2
550,L,4,5,4,3
551,R,1,1,4,4
552,R,1,2,2,2
553,R,5,2,5,5
554,R,1,3,2,3
555,L,4,4,3,3
556,R,2,1,4,5
557,L,2,4,1,2
558,L,3,3,1,5
559,R,5,1,2,4
560,L,2,5,3,1
561,L,5,2,1,2
562,L,4,4,4,3
563,L,5,3,3,3
564,R,3,1,1,5
565,R,2,5,3,5
566,R,2,1,4,1
567,R,5,1,5,5
568,L,5,2,2,1
569,R,5,1,2,3
570,L,4,3,1,1
571,L,4,2,2,1
572,R,1,2,5,1
573,R,4,1,4,4
574,B,3,2,3,2
575,L,3,4,1,1
576,R,4,4,5,5
577,B,4,1,4,1
578,R,1,5,4,3
579,R,1,3,4,1
580,R,1,1,3,3
581,R,2,1,2,3
582,L,3,2,1,3
583,B,3,1,1,3
584,L,4,2,1,4
585,R,2,1,5,4
586,L,3,1,1,1
587,R,1,2,5,5
588,L,5,4,2,4
589,R,1,2,3,2
590,R,3,1,5,5
591,R,5,4,5,5
592,R,3,1,4,4
593,R,3,3,5,3
594,L,5,5,4,3
595,L,2,5,2,2
596,B,3,4,4,3
597,L,5,3,1,4
598,R,3,1,3,3
599,R,5,1,4,4
600,R,1,1,2,4
601,L,4,4,2,3
602,L,4,4,1,5
603,L,4,5,5,3
604,L,2,2,1,3
605,R,3,3,3,5
606,L,5,4,5,2
607,L,3,3,3,2
608,R,4,5,5,5
609,R,2,4,3,5
610,R,5,1,3,2
611,R,4,1,2,3
612,R,1,3,1,5
613,R,1,3,5,5
614,R,1,1,2,5
