N;non_optim;optim
10;0.008189702033996582;0.0019255638122558593
20;0.02226119041442871;0.004410457611083984
30;0.04263052940368652;0.007898712158203125
40;0.07092809677124023;0.01266467571258545
50;0.10614225864410401;0.01874558925628662
60;0.1487107753753662;0.026022696495056154
70;0.20193259716033934;0.03532266616821289
80;0.26033878326416016;0.045613646507263184
90;0.3286229848861694;0.05660703182220459
100;0.4206022500991821;0.07462058067321778
110;0.4979535102844238;0.0867849349975586
120;0.6247623920440674;0.10352981090545654
130;0.7781344175338745;0.13528168201446533
140;0.9809584140777587;0.17118558883666993
150;0.9850147008895874;0.16301705837249755
160;1.1118723630905152;0.18049359321594238
170;1.3428539991378785;0.22455506324768065
180;1.4486974716186523;0.2281116008758545
190;1.6635873317718506;0.25876877307891843
200;1.8343877792358398;0.2791819334030151
210;2.0837623834609986;0.3193681240081787
220;2.298450565338135;0.3354879140853882
230;2.522956609725952;0.3668283700942993
240;2.8994777679443358;0.411997127532959
250;3.243000531196594;0.46165952682495115
260;3.498703360557556;0.48034300804138186
270;3.7956417083740233;0.5015552043914795
280;4.114428424835205;0.5473050355911255
290;4.4743502855300905;0.6460145473480224
300;4.90551266670227;0.6224015712738037
310;5.681014537811279;0.6797800064086914
320;5.7217648983001705;0.7066167116165161
330;6.254907965660095;0.7639967679977417
340;7.08822729587555;0.8262276887893677
350;7.346152567863465;0.8862115859985351
360;7.817833161354065;0.8900573968887329
370;8.631255984306335;0.943292236328125
380;9.352864527702332;1.0704453945159913
390;10.189379596710205;1.1345369577407838
400;11.334760856628417;1.2315104246139525
410;12.480606532096862;1.3324659824371339
420;12.39062716960907;1.2331159353256225
430;12.94989550113678;1.2828864574432373
440;13.84200975894928;1.3367069721221925
450;14.642941641807557;1.4103937864303588
460;15.91512327194214;1.545165514945984
470;17.119667339324952;1.6045308351516723
480;18.003377437591553;1.6364482164382934
490;18.066884875297546;1.6456650495529175
500;19.29060752391815;1.7030890226364135
510;21.874291920661925;1.8928940773010254
520;23.112600231170653;1.8738343954086303
530;23.411183142662047;2.014558434486389
540;24.77037122249603;1.9495645761489868
550;26.83988344669342;2.107900047302246
560;27.389042091369628;2.1679102182388306
570;28.07518093585968;2.168490767478943
580;30.35595896244049;2.313847804069519
590;31.407394576072694;2.3277425289154055
600;32.923138523101805;2.400649881362915
610;34.679867792129514;2.4806334018707275