scale;energy;energy_max
0;0.0;495000.0
1;0.0;495000.0
2;985.0;495000.0
3;2803.0;495000.0
4;1264.0;495000.0
5;13585.0;495000.0
6;8193.0;495000.0
7;11560.0;495000.0
8;23892.0;495000.0
9;28283.0;495000.0
10;27405.0;495000.0
11;20617.0;495000.0
12;54456.0;495000.0
13;38853.0;495000.0
14;48103.0;495000.0
15;48236.0;495000.0
16;52401.0;495000.0
17;55875.0;495000.0
18;71646.0;495000.0
19;61229.0;495000.0
20;71377.0;495000.0
21;68800.0;495000.0
22;65346.0;495000.0
23;61723.0;495000.0
24;55766.0;495000.0
25;69065.0;495000.0
26;64316.0;495000.0
27;67202.0;495000.0
28;71810.0;495000.0
29;76394.0;495000.0
30;75891.0;495000.0
31;80853.0;495000.0
32;85676.0;495000.0
33;86333.0;495000.0
34;68321.0;495000.0
35;78203.0;495000.0
36;73065.0;495000.0
37;81121.0;495000.0
38;94741.0;495000.0
39;93473.0;495000.0
40;97519.0;495000.0
41;94249.0;495000.0
42;95847.0;495000.0
43;100090.0;495000.0
44;86221.0;495000.0
45;94924.0;495000.0
46;110315.0;495000.0
47;98646.0;495000.0
48;90507.0;495000.0
49;94057.0;495000.0
50;86786.0;495000.0
51;102815.0;495000.0
52;96340.0;495000.0
53;88571.0;495000.0
54;95152.0;495000.0
55;107919.0;495000.0
56;94357.0;495000.0
57;100237.0;495000.0
58;104388.0;495000.0
59;107044.0;495000.0
60;100059.0;495000.0
61;112560.0;495000.0
62;88895.0;495000.0
63;82289.0;495000.0
64;83708.0;495000.0
65;110659.0;495000.0
66;108203.0;495000.0
67;103290.0;495000.0
68;105959.0;495000.0
69;102451.0;495000.0
70;99942.0;495000.0
71;109391.0;495000.0
72;104157.0;495000.0
73;109354.0;495000.0
74;101647.0;495000.0
75;104419.0;495000.0
76;100393.0;495000.0
77;119985.0;495000.0
78;107640.0;495000.0
79;109034.0;495000.0
80;121672.0;495000.0
81;103050.0;495000.0
82;106336.0;495000.0
83;114550.0;495000.0
84;99878.0;495000.0
85;113400.0;495000.0
86;120470.0;495000.0
87;97170.0;495000.0
88;116491.0;495000.0
89;112965.0;495000.0
90;111378.0;495000.0
91;109812.0;495000.0
92;108316.0;495000.0
93;113693.0;495000.0
94;117094.0;495000.0
95;114528.0;495000.0
96;116060.0;495000.0
97;105317.0;495000.0
98;107774.0;495000.0
99;103756.0;495000.0
100;123427.0;495000.0
101;116318.0;495000.0
102;98830.0;495000.0
103;108008.0;495000.0
104;112040.0;495000.0
105;114376.0;495000.0
106;126123.0;495000.0
107;115327.0;495000.0
108;122950.0;495000.0
109;117959.0;495000.0
110;104374.0;495000.0
111;109809.0;495000.0
112;125753.0;495000.0
113;126420.0;495000.0
114;122558.0;495000.0
115;123449.0;495000.0
116;114649.0;495000.0
117;124382.0;495000.0
118;126213.0;495000.0
119;114472.0;495000.0
120;131913.0;495000.0
121;115539.0;495000.0
122;124597.0;495000.0
123;124162.0;495000.0
124;120506.0;495000.0
125;125982.0;495000.0
126;112397.0;495000.0
127;125169.0;495000.0
128;129342.0;495000.0
129;126679.0;495000.0
130;116238.0;495000.0
131;122213.0;495000.0
132;107941.0;495000.0
133;122382.0;495000.0
134;128638.0;495000.0
135;127591.0;495000.0
136;127034.0;495000.0
137;128760.0;495000.0
138;123985.0;495000.0
139;129536.0;495000.0
140;113459.0;495000.0
141;118489.0;495000.0
142;116252.0;495000.0
143;133533.0;495000.0
144;115329.0;495000.0
145;122676.0;495000.0
146;137209.0;495000.0
147;119545.0;495000.0
148;113869.0;495000.0
149;129157.0;495000.0
150;128730.0;495000.0
151;135241.0;495000.0
152;119626.0;495000.0
153;136861.0;495000.0
154;136719.0;495000.0
155;135870.0;495000.0
156;130763.0;495000.0
157;127356.0;495000.0
158;129884.0;495000.0
159;124246.0;495000.0
160;123289.0;495000.0
161;123851.0;495000.0
162;124197.0;495000.0
163;132906.0;495000.0
164;129712.0;495000.0
165;131085.0;495000.0
166;130101.0;495000.0
167;133552.0;495000.0
168;152551.0;495000.0
169;134749.0;495000.0
170;136500.0;495000.0
171;130052.0;495000.0
172;140662.0;495000.0
173;138552.0;495000.0
174;134798.0;495000.0
175;132383.0;495000.0
176;140501.0;495000.0
177;136910.0;495000.0
178;133928.0;495000.0
179;139352.0;495000.0
180;136046.0;495000.0
181;129061.0;495000.0
182;146095.0;495000.0
183;134570.0;495000.0
184;141307.0;495000.0
185;125109.0;495000.0
186;142284.0;495000.0
187;140205.0;495000.0
188;134346.0;495000.0
189;152098.0;495000.0
190;136310.0;495000.0
191;148453.0;495000.0
192;142939.0;495000.0
193;139906.0;495000.0
194;146536.0;495000.0
195;149988.0;495000.0
196;140362.0;495000.0
197;122193.0;495000.0
198;141289.0;495000.0
199;127069.0;495000.0
200;144446.0;495000.0
201;137432.0;495000.0
202;140281.0;495000.0
203;141780.0;495000.0
204;138213.0;495000.0
205;145834.0;495000.0
206;141460.0;495000.0
207;145984.0;495000.0
208;148546.0;495000.0
209;131545.0;495000.0
210;139050.0;495000.0
211;158318.0;495000.0
212;149754.0;495000.0
213;150236.0;495000.0
214;155976.0;495000.0
215;150828.0;495000.0
216;141103.0;495000.0
217;140988.0;495000.0
218;146714.0;495000.0
219;133786.0;495000.0
220;149756.0;495000.0
221;148297.0;495000.0
222;146881.0;495000.0
223;151143.0;495000.0
224;149373.0;495000.0
225;134996.0;495000.0
226;146593.0;495000.0
227;146245.0;495000.0
228;144102.0;495000.0
229;149475.0;495000.0
230;139856.0;495000.0
231;147644.0;495000.0
232;145641.0;495000.0
233;152542.0;495000.0
234;151478.0;495000.0
235;150308.0;495000.0
236;154061.0;495000.0
237;143470.0;495000.0
238;145672.0;495000.0
239;146654.0;495000.0
240;155567.0;495000.0
241;141418.0;495000.0
242;142993.0;495000.0
243;154885.0;495000.0
244;163953.0;495000.0
245;143526.0;495000.0
246;154858.0;495000.0
247;137527.0;495000.0
248;147434.0;495000.0
249;161065.0;495000.0
250;150871.0;495000.0
251;153368.0;495000.0
252;147839.0;495000.0
253;156687.0;495000.0
254;152283.0;495000.0
255;158731.0;495000.0
256;148798.0;495000.0
257;162571.0;495000.0
258;149892.0;495000.0
259;151216.0;495000.0
260;153219.0;495000.0
261;153992.0;495000.0
262;162309.0;495000.0
263;145790.0;495000.0
264;159270.0;495000.0
265;155162.0;495000.0
266;159857.0;495000.0
267;155946.0;495000.0
268;150412.0;495000.0
269;155063.0;495000.0
270;156822.0;495000.0
271;153103.0;495000.0
272;154193.0;495000.0
273;153818.0;495000.0
274;163312.0;495000.0
275;154506.0;495000.0
276;152504.0;495000.0
277;154457.0;495000.0
278;155060.0;495000.0
279;161005.0;495000.0
280;153962.0;495000.0
281;160273.0;495000.0
282;151699.0;495000.0
283;163059.0;495000.0
284;161086.0;495000.0
285;158198.0;495000.0
286;153877.0;495000.0
287;154045.0;495000.0
288;156199.0;495000.0
289;155725.0;495000.0
290;156462.0;495000.0
291;145225.0;495000.0
292;153457.0;495000.0
293;166044.0;495000.0
294;149186.0;495000.0
295;158092.0;495000.0
296;155376.0;495000.0
297;163543.0;495000.0
298;157211.0;495000.0
299;160645.0;495000.0
300;165133.0;495000.0
301;167175.0;495000.0
302;156801.0;495000.0
303;167549.0;495000.0
304;146811.0;495000.0
305;163803.0;495000.0
306;153219.0;495000.0
307;159824.0;495000.0
308;164015.0;495000.0
309;162896.0;495000.0
310;161883.0;495000.0
311;163070.0;495000.0
312;154689.0;495000.0
313;150775.0;495000.0
314;157070.0;495000.0
315;170678.0;495000.0
316;168428.0;495000.0
317;153443.0;495000.0
318;168135.0;495000.0
319;157996.0;495000.0
320;165670.0;495000.0
321;159784.0;495000.0
322;167468.0;495000.0
323;164639.0;495000.0
324;169406.0;495000.0
325;158108.0;495000.0
326;169776.0;495000.0
327;167435.0;495000.0
328;157963.0;495000.0
329;157652.0;495000.0
330;166823.0;495000.0
331;165119.0;495000.0
332;168055.0;495000.0
333;165333.0;495000.0
334;166791.0;495000.0
335;162455.0;495000.0
336;159399.0;495000.0
337;160014.0;495000.0
338;164313.0;495000.0
339;176640.0;495000.0
340;165843.0;495000.0
341;163114.0;495000.0
342;165620.0;495000.0
343;170625.0;495000.0
344;168760.0;495000.0
345;161907.0;495000.0
346;164823.0;495000.0
347;170113.0;495000.0
348;168407.0;495000.0
349;166522.0;495000.0
350;171643.0;495000.0
351;171853.0;495000.0
352;173181.0;495000.0
353;162492.0;495000.0
354;165908.0;495000.0
355;169491.0;495000.0
356;165479.0;495000.0
357;168610.0;495000.0
358;172637.0;495000.0
359;177651.0;495000.0
360;166979.0;495000.0
361;174177.0;495000.0
362;175666.0;495000.0
363;162847.0;495000.0
364;160733.0;495000.0
365;168331.0;495000.0
366;176205.0;495000.0
367;175521.0;495000.0
368;169391.0;495000.0
369;172909.0;495000.0
370;171222.0;495000.0
371;177960.0;495000.0
372;161502.0;495000.0
373;175382.0;495000.0
374;165801.0;495000.0
375;161290.0;495000.0
376;166813.0;495000.0
377;166423.0;495000.0
378;173173.0;495000.0
379;173437.0;495000.0
380;156521.0;495000.0
381;173138.0;495000.0
382;170851.0;495000.0
383;172349.0;495000.0
384;166493.0;495000.0
385;173399.0;495000.0
386;163392.0;495000.0
387;166884.0;495000.0
388;170821.0;495000.0
389;170698.0;495000.0
390;172267.0;495000.0
391;173799.0;495000.0
392;178362.0;495000.0
393;178359.0;495000.0
394;158400.0;495000.0
395;167886.0;495000.0
396;168995.0;495000.0
397;176032.0;495000.0
398;169907.0;495000.0
399;176013.0;495000.0
400;176818.0;495000.0
401;172748.0;495000.0
402;177665.0;495000.0
403;166646.0;495000.0
404;178881.0;495000.0
405;180976.0;495000.0
406;169879.0;495000.0
407;162569.0;495000.0
408;179790.0;495000.0
409;170471.0;495000.0
410;180445.0;495000.0
411;171121.0;495000.0
412;183903.0;495000.0
413;174539.0;495000.0
414;179827.0;495000.0
415;167259.0;495000.0
416;168024.0;495000.0
417;176662.0;495000.0
418;184906.0;495000.0
419;179203.0;495000.0
420;173220.0;495000.0
421;186176.0;495000.0
422;173738.0;495000.0
423;172743.0;495000.0
424;177012.0;495000.0
425;177901.0;495000.0
426;164919.0;495000.0
427;169201.0;495000.0
428;176238.0;495000.0
429;182739.0;495000.0
430;177771.0;495000.0
431;169416.0;495000.0
432;170476.0;495000.0
433;177547.0;495000.0
434;175710.0;495000.0
435;177118.0;495000.0
436;182045.0;495000.0
437;180354.0;495000.0
438;174836.0;495000.0
439;179925.0;495000.0
440;182735.0;495000.0
441;175756.0;495000.0
442;177519.0;495000.0
443;183768.0;495000.0
444;179251.0;495000.0
445;184713.0;495000.0
446;172071.0;495000.0
447;177878.0;495000.0
448;175268.0;495000.0
449;178718.0;495000.0
450;177346.0;495000.0
451;174625.0;495000.0
452;186582.0;495000.0
453;182242.0;495000.0
454;183444.0;495000.0
455;185130.0;495000.0
456;179092.0;495000.0
457;179496.0;495000.0
458;179917.0;495000.0
459;183954.0;495000.0
460;174637.0;495000.0
461;173156.0;495000.0
462;174938.0;495000.0
463;176436.0;495000.0
464;171252.0;495000.0
465;178250.0;495000.0
466;174410.0;495000.0
467;181512.0;495000.0
468;180337.0;495000.0
469;173392.0;495000.0
470;176988.0;495000.0
471;180128.0;495000.0
472;179294.0;495000.0
473;170062.0;495000.0
474;179116.0;495000.0
475;177698.0;495000.0
476;180891.0;495000.0
477;185999.0;495000.0
478;173662.0;495000.0
479;183536.0;495000.0
480;174366.0;495000.0
481;180380.0;495000.0
482;172744.0;495000.0
483;182544.0;495000.0
484;176067.0;495000.0
485;180682.0;495000.0
486;187569.0;495000.0
487;184290.0;495000.0
488;180832.0;495000.0
489;178377.0;495000.0
490;179003.0;495000.0
491;184175.0;495000.0
492;172730.0;495000.0
493;180149.0;495000.0
494;190310.0;495000.0
495;182497.0;495000.0
496;182824.0;495000.0
497;178707.0;495000.0
498;192420.0;495000.0
499;182349.0;495000.0
500;176691.0;495000.0
